var_intercept=0.0019599051062362863
var_residual=0.013318093681196104