var_intercept=0.002526231453446575
var_slope_E=0.0014912518176077867
cov_intercept_slope_E=-0.00019251194775169467
var_residual=0.011919028172987234