var_intercept=0.0018248685001019567
var_slope_E=0.0011332406695542694
cov_intercept_slope_E=-0.00010396119695286334
var_residual=0.009431259596607152