var_intercept=0.0022911463145767613
var_residual=0.012392493861011449